/*************************************************
 * Istanza Generata Random
 * N (Incroci) = 30
 * K (Modelli) = 10
 *************************************************/

K = 10;
N = 30;

P = [78, 100, 22, 45, 74, 35, 51, 52, 47, 26];
R = [38, 30, 34, 8, 35, 37, 47, 16, 22, 17];
A = [2, 2, 5, 3, 4, 2, 2, 4, 4, 6];
C = [2.81, 2.82, 2.68, 4.52, 3.69, 6.26, 9.66, 5.71, 7.82, 1.9];

M = [
  [0, 37, 36, 69, 32, 22, 2, 9, 23, 32, 51, 61, 46, 58, 48, 6, 36, 30, 59, 39, 98, 53, 41, 26, 42, 85, 42, 32, 47, 38],
  [37, 0, 28, 56, 35, 31, 28, 8, 20, 85, 71, 15, 13, 28, 63, 40, 47, 28, 30, 8, 47, 22, 75, 29, 47, 35, 38, 48, 57, 34],
  [36, 28, 0, 23, 61, 19, 67, 64, 30, 36, 48, 9, 15, 99, 48, 42, 31, 16, 72, 75, 79, 53, 35, 77, 51, 28, 34, 83, 6, 26],
  [69, 56, 23, 0, 26, 50, 39, 34, 20, 20, 3, 43, 92, 54, 70, 13, 59, 59, 39, 93, 50, 92, 96, 13, 90, 65, 45, 36, 72, 81],
  [32, 35, 61, 26, 0, 69, 37, 83, 12, 40, 9, 33, 22, 94, 6, 28, 17, 19, 93, 25, 27, 59, 74, 67, 36, 29, 47, 21, 41, 10],
  [22, 31, 19, 50, 69, 0, 25, 15, 85, 33, 30, 87, 96, 52, 9, 12, 47, 50, 46, 99, 65, 12, 15, 43, 74, 46, 58, 24, 29, 85],
  [2, 28, 67, 39, 37, 25, 0, 11, 22, 16, 10, 2, 52, 28, 8, 60, 55, 90, 40, 22, 62, 75, 96, 51, 3, 30, 27, 44, 74, 6],
  [9, 8, 64, 34, 83, 15, 11, 0, 45, 96, 90, 96, 18, 28, 19, 55, 67, 18, 5, 26, 42, 7, 63, 53, 11, 83, 53, 63, 59, 64],
  [23, 20, 30, 20, 12, 85, 22, 45, 0, 78, 62, 12, 23, 23, 40, 58, 50, 87, 47, 33, 13, 70, 37, 1, 85, 10, 97, 27, 96, 8],
  [32, 85, 36, 20, 40, 33, 16, 96, 78, 0, 91, 34, 26, 71, 70, 36, 22, 95, 79, 52, 93, 12, 4, 49, 71, 38, 43, 54, 35, 6],
  [51, 71, 48, 3, 9, 30, 10, 90, 62, 91, 0, 23, 90, 100, 72, 21, 15, 34, 44, 35, 35, 4, 2, 75, 30, 18, 62, 48, 34, 17],
  [61, 15, 9, 43, 33, 87, 2, 96, 12, 34, 23, 0, 6, 24, 29, 30, 2, 56, 5, 77, 4, 10, 13, 39, 34, 36, 1, 36, 4, 47],
  [46, 13, 15, 92, 22, 96, 52, 18, 23, 26, 90, 6, 0, 36, 23, 9, 46, 24, 36, 40, 42, 12, 89, 47, 23, 22, 85, 30, 21, 72],
  [58, 28, 99, 54, 94, 52, 28, 28, 23, 71, 100, 24, 36, 0, 23, 83, 36, 7, 18, 54, 42, 54, 96, 75, 24, 22, 46, 61, 32, 92],
  [48, 63, 48, 70, 6, 9, 8, 19, 40, 70, 72, 29, 23, 23, 0, 9, 17, 24, 3, 19, 23, 44, 76, 24, 26, 32, 7, 29, 3, 97],
  [6, 40, 42, 13, 28, 12, 60, 55, 58, 36, 21, 30, 9, 83, 9, 0, 29, 19, 46, 53, 13, 78, 13, 35, 2, 37, 6, 17, 28, 20],
  [36, 47, 31, 59, 17, 47, 55, 67, 50, 22, 15, 2, 46, 36, 17, 29, 0, 41, 98, 38, 35, 21, 44, 8, 20, 10, 40, 84, 16, 56],
  [30, 28, 16, 59, 19, 50, 90, 18, 87, 95, 34, 56, 24, 7, 24, 19, 41, 0, 18, 25, 8, 89, 29, 25, 9, 24, 63, 21, 39, 46],
  [59, 30, 72, 39, 93, 46, 40, 5, 47, 79, 44, 5, 36, 18, 3, 46, 98, 18, 0, 2, 98, 33, 20, 93, 46, 89, 9, 36, 30, 28],
  [39, 8, 75, 93, 25, 99, 22, 26, 33, 52, 35, 77, 40, 54, 19, 53, 38, 25, 2, 0, 35, 88, 84, 51, 78, 12, 20, 22, 15, 91],
  [98, 47, 79, 50, 27, 65, 62, 42, 13, 93, 35, 4, 42, 42, 23, 13, 35, 8, 98, 35, 0, 100, 30, 3, 25, 33, 21, 60, 16, 11],
  [53, 22, 53, 92, 59, 12, 75, 7, 70, 12, 4, 10, 12, 54, 44, 78, 21, 89, 33, 88, 100, 0, 26, 20, 17, 42, 39, 63, 14, 22],
  [41, 75, 35, 96, 74, 15, 96, 63, 37, 4, 2, 13, 89, 96, 76, 13, 44, 29, 20, 84, 30, 26, 0, 7, 3, 33, 8, 73, 49, 72],
  [26, 29, 77, 13, 67, 43, 51, 53, 1, 49, 75, 39, 47, 75, 24, 35, 8, 25, 93, 51, 3, 20, 7, 0, 20, 77, 54, 44, 30, 49],
  [42, 47, 51, 90, 36, 74, 3, 11, 85, 71, 30, 34, 23, 24, 26, 2, 20, 9, 46, 78, 25, 17, 3, 20, 0, 30, 52, 21, 38, 39],
  [85, 35, 28, 65, 29, 46, 30, 83, 10, 38, 18, 36, 22, 22, 32, 37, 10, 24, 89, 12, 33, 42, 33, 77, 30, 0, 55, 45, 42, 72],
  [42, 38, 34, 45, 47, 58, 27, 53, 97, 43, 62, 1, 85, 46, 7, 6, 40, 63, 9, 20, 21, 39, 8, 54, 52, 55, 0, 48, 53, 10],
  [32, 48, 83, 36, 21, 24, 44, 63, 27, 54, 48, 36, 30, 61, 29, 17, 84, 21, 36, 22, 60, 63, 73, 44, 21, 45, 48, 0, 43, 79],
  [47, 57, 6, 72, 41, 29, 74, 59, 96, 35, 34, 4, 21, 32, 3, 28, 16, 39, 30, 15, 16, 14, 49, 30, 38, 42, 53, 43, 0, 10],
  [38, 34, 26, 81, 10, 85, 6, 64, 8, 6, 17, 47, 72, 92, 97, 20, 56, 46, 28, 91, 11, 22, 72, 49, 39, 72, 10, 79, 10, 0],
];
